PER,R,DATE,NAME
day,rjupiter,,
3.52474859,1.3589999676,2000,HD209458b
111.4367,1.0290000439,2001,HD80606b
1.2119189,1.3630000353,2003,OGLE-TR-56b
0.736546,0.1855649948,2004,55Cnce
1.689868,1.2000000477,2004,OGLE-TR-132b
1.4324752,1.0930000544,2004,OGLE-TR-113b
4.0161,1.050999999,2004,OGLE-TR-111b
2.64385,0.3767000139,2004,GJ436b
3.030065,1.0670000315,2004,TrES-1b
2.8758911,0.6539999843,2005,HD149026b
3.101278,1.25,2005,OGLE-TR-10b
2.21857567,1.1380000114,2005,HD189733b
1.21986983,1.496999979,2006,WASP-33b
3.941534,1.2059999704,2006,XO-1b
2.47063,1.2239999771,2006,TrES-2b
2.5199449,1.5160000324,2007,WASP-1b
21.21663,1.0199999809,2007,HD17156b
2.615838,0.9829999804,2007,XO-2b
2.899703,0.898999989,2007,HAT-P-3b
3.056536,1.2740000486,2007,HAT-P-4b
5.6334729,1.1569999456,2007,HAT-P-2b
1.30618581,1.3359999657,2007,TrES-3b
3.553945,1.7829999924,2007,TrES-4b
2.788491,1.2539999485,2007,HAT-P-5b
2.1522254,1.0770000219,2007,WASP-2b
4.4652934,1.2419999838,2007,HAT-P-1b
3.1915426,1.2170000076,2008,XO-3b
1.5089557,1.4900000095,2008,CoRoT-1b
9.20205,1.1900000572,2008,CoRoT-4b
4.1877537,1.0299999714,2008,XO-5b
3.67724,1.3600000143,2008,OGLE-TR-211b
3.9791,1.1299999952,2008,OGLE-TR-182b
1.846834,1.2899999619,2008,WASP-3b
1.7429935,1.4659999609,2008,CoRoT-2b
4.2568,1.0099999905,2008,CoRoT-3b
2.2047304,1.3630000353,2008,HAT-P-7b
1.3382299,1.3409999609,2008,WASP-4b
3.852985,1.3300000429,2008,HAT-P-6b
1.6284229,1.1399999857,2008,WASP-5b
0.9414529,1.2669999599,2009,WASP-18b
3.722465,0.9100000262,2009,WASP-11b
1.09142245,1.7899999619,2009,WASP-12b
0.853585,0.1498000026,2009,CoRoT-7b
4.0378962,1.3880000114,2009,CoRoT-5b
3.92289,1.3999999762,2009,HAT-P-9b
2.91625,1.2810000181,2009,HAT-P-13b
4.353011,1.3890000582,2009,WASP-13b
2.4855335,1.6100000143,2009,OGLE2-TR-L9b
3.7521,1.3789999485,2009,WASP-15b
3.2130598,0.9589999914,2009,HAT-P-12b
3.1186009,1.0080000162,2009,WASP-16b
2.243752,1.2810000181,2009,WASP-14b
1.58040482,0.2389000058,2009,GJ1214b
4.954658,0.9150000215,2009,WASP-7b
3.076337,1.5,2009,HAT-P-8b
3.361006,1.2239999771,2009,WASP-6b
3.0927616,1.0800000429,2009,WASP-10b
2.718659,1.1799999475,2010,WASP-32b
2.7566,1.3200000525,2010,WASP-26b
2.77596,1.2890000343,2010,HAT-P-16b
3.53269,1.1200000048,2010,WASP-22b
10.863502,1.0720000267,2010,HAT-P-15b
2.828042,1.4400000572,2010,CoRoT-12b
4.03519,0.8849999905,2010,CoRoT-13b
3.35524,1.2419999838,2010,HAT-P-24b
0.78884,1.3860000372,2010,WASP-19b
2.3412127,1.2999999523,2010,WASP-24b
3.735433,1.932000041,2010,WASP-17b
4.627669,1.1499999762,2010,HAT-P-14b
2.99433,1.4299999475,2010,CoRoT-11b
95.2738,1.0499999523,2010,CoRoT-9b
8.886593,1.1660000086,2010,CoRoT-6b
3.52254,1.4190000296,2010,Kepler-8b
1.592851,0.146311,2010,Kepler-9d
19.243158,0.8420000076,2010,Kepler-9b
38.90861,0.8230000138,2010,Kepler-9c
3.21346,0.3569999933,2010,Kepler-4b
4.885525,1.4780000448,2010,Kepler-7b
13.2406,0.9700000286,2010,CoRoT-10b
6.21229,0.5699999928,2010,CoRoT-8b
3.234723,1.3229999542,2010,Kepler-6b
4.8878162,0.4219999909,2010,HAT-P-11b
3.54846,1.4309999943,2010,Kepler-5b
4.322482,1.0700000525,2010,WASP-21b
3.922727,0.7919999957,2010,WASP-29b
8.158715,1.0379999876,2010,WASP-8b
4.1250828,,2010,XO-4b
4.008778,1.1319999695,2011,HAT-P-19b
3.257215,1.2120000124,2011,HAT-P-28b
2.150009,2.0369999409,2011,HAT-P-32b
5.723186,1.1069999933,2011,HAT-P-29b
1.9550959,1.1529999971,2011,WASP-50b
3.161575,1.3200000525,2011,WASP-35b
1.9000693,1.3099999428,2011,CoRoT-18b
2.9444256,0.9620000124,2011,WASP-23b
1.51214,1.0900000334,2011,CoRoT-14b
2.875317,0.8669999838,2011,HAT-P-20b
3.474474,1.8270000219,2011,HAT-P-33b
2.810595,1.3400000334,2011,HAT-P-30b
0.813475,0.9300000072,2011,WASP-43b
3.21222,1.0800000429,2011,HAT-P-22b
4.3176782,1.2200000286,2011,WASP-34b
3.405909,1.5369999409,2011,WASP-31b
4.124481,1.0240000486,2011,HAT-P-21b
3.052401,1.2000000477,2011,WASP-41b
3.764825,1.2200000286,2011,WASP-25b
4.234516,0.5649999976,2011,HAT-P-26b
4.055259,1.2699999809,2011,WASP-39b
3.577469,1.1599999666,2011,WASP-37b
3.0395589,1.0379999876,2011,HAT-P-27b
6.871814,1.0939999819,2011,WASP-38b
5.508023,0.9950000048,2011,HAT-P-18b
5.005425,1.0700000525,2011,HAT-P-31b
3.7681,1.0199999809,2011,CoRoT-17b
12.282356,,2011,Kepler-26b
17.25204,0.3208839893,2011,Kepler-26c
27.9481449,0.2165970057,2011,Kepler-55b
3.024095,1.2000000477,2011,Kepler-43b
143.343,0.7843840122,2011,Kepler-30d
60.3231,1.0963499546,2011,Kepler-30c
29.334,0.3476249874,2011,Kepler-30b
45.29485,0.1986709982,2011,Kepler-10c
0.837495,0.1263269931,2011,Kepler-10b
4.4379637,1.6950000525,2011,Kepler-12b
6.23855,0.2317499965,2011,Kepler-25b
12.720359,0.4011049867,2011,Kepler-25c
7.8773565,0.1871819943,2011,Kepler-52b
16.3850021,0.1640069932,2011,Kepler-52c
1.7637,2.2539999485,2011,KOI-13b
17.9801235,0.1764860004,2011,Kepler-59c
17.9801235,0.1764860004,2011,Kepler-59b
2.785755,0.1458999962,2011,Kepler-21b
3.6961219,0.1702470034,2011,Kepler-20b
10.854092,0.273642987,2011,Kepler-20c
77.61184,0.2451200038,2011,Kepler-20d
6.098493,0.0773688033,2011,Kepler-20e
19.57706,0.0918084979,2011,Kepler-20f
6.790123,1.1360000372,2011,Kepler-14b
7.8125124,0.1960960031,2011,Kepler-50b
228.776,0.7537999749,2011,Kepler-16b
31.7844,0.3589290082,2011,Kepler-33e
5.66793,0.1550939977,2011,Kepler-33b
13.17562,0.2852300107,2011,Kepler-33c
21.77596,0,2011,Kepler-33d
41.02902,0.3975400031,2011,Kepler-33f
289.8623,0.212500006,2011,Kepler-22b
8.14561,0.2139230072,2011,Kepler-24b
12.3318,0.2495770007,2011,Kepler-24c
9.2869944,0.1970739961,2011,Kepler-19b
18.6489525,0.2575989962,2011,Kepler-53b
38.5583038,0.2825559974,2011,Kepler-53c
2.143634,1.6699999571,2011,WASP-48b
13.83989,0.132453993,2011,Kepler-36b
8.98597,0.3030569851,2011,Kepler-28c
5.91213,0.3208839893,2011,Kepler-28b
1.865169,0.0508067012,2011,Kepler-42d
0.45328509,0.0650682002,2011,Kepler-42c
1.2137672,0.0695248991,2011,Kepler-42b
15.33611,0.3565379977,2011,Kepler-27b
31.32865,0.4367589951,2011,Kepler-27c
10.9129343,0.2272929996,2011,Kepler-49c
7.2037945,0.2424460053,2011,Kepler-49b
2.455239,0.9599999785,2011,Kepler-45b
5.7293196,0.195205003,2011,Kepler-57b
10.5034294,0.3422760069,2011,Kepler-56b
21.4050484,0.699706018,2011,Kepler-56c
42.6318,0.3743650019,2011,Kepler-31c
92.141,0.3832780123,2011,Kepler-31b
7.10664,0.1693560034,2011,Kepler-23b
10.74356,0.2852300107,2011,Kepler-23c
1.855558,0.8410000205,2011,Kepler-41b
8.0109434,0.1871819943,2011,Kepler-54b
4.942782,0.9599999785,2011,Kepler-15b
10.2184954,0.2477940023,2011,Kepler-58b
45.1555023,0.6283980012,2011,Kepler-51b
6.87349,1.1699999571,2011,Kepler-40b
21.0874,1.2200000286,2011,Kepler-39b
118.37774,0.326523006,2011,Kepler-11g
10.30375,0.175751999,2011,Kepler-11b
13.02502,0.281024009,2011,Kepler-11c
22.68719,0.3060039878,2011,Kepler-11d
31.9959,0.4032480121,2011,Kepler-11e
46.68876,0.2328490019,2011,Kepler-11f
8.7522,0.329798013,2011,Kepler-32c
5.90124,0.3654510081,2011,Kepler-32b
7.64159,0.4897849858,2011,Kepler-18c
3.504725,0.4897849858,2011,Kepler-18b
14.85888,0.6227139831,2011,Kepler-18d
13.2907,0.2584899962,2011,Kepler-29c
10.3376,0.3208839893,2011,Kepler-29b
1.4857108,1.3300000429,2011,Kepler-17b
4.7779803,0.1907480061,2011,Kepler-48b
9.6739283,0.2798820138,2011,Kepler-48c
3.24674,1.2400000095,2011,Kepler-44b
1.420033,1.1640000343,2011,Qatar-1b
1.4822446,1.2089999914,2011,TrES-5b
1.212884,1.3680000305,2011,HAT-P-23b
2.4238039,1.1399999857,2012,WASP-44b
3.1260876,1.1599999666,2012,WASP-45b
4.640382,0.8249999881,2012,HAT-P-38b
1.3600309,1.2100000381,2012,WASP-77Ab
3.652836,1.1900000572,2012,HAT-P-25b
2.17517656,1.7000000477,2012,WASP-78b
3.6623817,1.7000000477,2012,WASP-79b
3.8559,1.2400000095,2012,WASP-61b
4.411953,1.3899999857,2012,WASP-62b
2.7817387,1.1150000095,2012,WASP-49b
4.1137912,1.2860000134,2012,KELT-2Ab
4.37808,1.4299999475,2012,WASP-63b
3.89713,1.2899999619,2012,CoRoT-19b
3.54387,1.57099998,2012,HAT-P-39b
3.33714,0.3743650019,2012,GJ3470b
3.646706,1.3320000172,2012,HAT-P-35b
1.5373653,1.2690000534,2012,WASP-36b
4.086052,1.3899999857,2012,WASP-66b
1.327347,1.2640000582,2012,HAT-P-36b
4.9816877,1.0629999638,2012,WASP-42b
4.465633,1.2999999523,2012,WASP-55b
1.3371182,1.1440000534,2012,Qatar-2b
5.35227,1.1699999571,2012,CoRoT-16b
3.6313,1.0499999523,2012,CoRoT-23b
2.79736,1.1779999733,2012,HAT-P-37b
42.1516418,0.1969870031,2012,Kepler-55c
105.595,0.3877350092,2012,Kepler-38b
9.3761368,0.2486850023,2012,Kepler-50c
11.9016171,0.2272929996,2012,Kepler-60d
7.1316185,0.2032269984,2012,Kepler-60b
8.9193459,0.2201620042,2012,Kepler-60c
33.60134,0.8080000281,2012,Kepler-46b
16.23855,0.3279260099,2012,Kepler-36c
11.6092567,0.1381579936,2012,Kepler-57c
3.352059,,2012,WTS-1b
12.0717249,0.1096350029,2012,Kepler-54c
49.514,0.2656210065,2012,Kepler-47b
303.158,0.4190909863,2012,Kepler-47c
4.61442,1.3999999762,2012,WASP-67b
15.5741568,0.2549250126,2012,Kepler-58c
85.3128662,0.5089579821,2012,Kepler-51c
2.694047,1.6849999428,2012,HAT-P-41b
138.506,0.5508509874,2012,PH-1b
5.452654,1.1970000267,2012,HAT-P-34b
1.43037,1.3099999428,2012,WASP-46b
10.338523,1.0099999905,2012,HAT-P-17b
4.1591399,1.1499999762,2012,WASP-47b
4.457243,1.7300000191,2012,HAT-P-40b
3.446459,1.3020000458,2013,HATS-1b
5.01718,1.3700000048,2013,WASP-58b
1.7497798,1.2699999809,2013,WASP-52b
7.919585,0.7749999762,2013,WASP-59b
4.3050011,0.8600000143,2013,WASP-60b